
     3.208  7E5  8  02 11 01 00 00 00 00 00 
     3.216  7ED  8  02 51 01 00 00 00 00 00 


     4.218  7E5  8  02 10 01 00 00 00 00 00 
     4.224  7ED  8  06 50 01 00 19 01 F4 00 


     4.529  7E5  8  03 22 FD 00 00 00 00 00 
     4.539  7ED  8  06 62 FD 00 08 34 11 00 


     4.849  7E5  8  03 22 F1 09 00 00 00 00 
     4.858  7ED  8  06 62 F1 09 08 03 03 00 


     8.952  7E5  8  02 10 01 00 00 00 00 00 
     8.960  7ED  8  06 50 01 00 19 01 F4 00 


     9.273  7E5  8  04 14 FF FF FF 00 00 00 
     9.289  7ED  8  01 54 00 00 00 00 00 00 


    10.296  7E5  8  02 10 03 00 00 00 00 00 
    10.303  7ED  8  06 50 03 00 19 01 F4 00 


    10.614  7E5  8  02 85 01 00 00 00 00 00 
    10.623  7ED  8  02 C5 01 00 00 00 00 00 


    12.634  7E5  8  03 19 02 27 00 00 00 00 
    12.645  7ED  8  10 13 59 02 FF 0E 73 00 
    12.646  7E5  8  30 00 0A 00 00 00 00 00 
    12.651  7ED  8  21 27 30 38 49 2F E3 00 
    12.656  7ED  8  22 55 2F F0 00 49 27 00 


    16.004  7E5  8  03 19 01 27 00 00 00 00 
    16.018  7ED  8  06 59 01 FF 00 00 04 00 


    17.027  7E5  8  03 19 02 27 00 00 00 00 
    17.041  7ED  8  10 13 59 02 FF 0E 73 00 
    17.042  7E5  8  30 00 0A 00 00 00 00 00 
    17.046  7ED  8  21 27 30 38 49 2F E3 00 
    17.052  7ED  8  22 55 2F F0 00 49 27 00 


    19.062  7E5  8  04 14 FF FF FF 00 00 00 
    19.079  7ED  8  01 54 00 00 00 00 00 00 


    20.084  7E5  8  02 10 03 00 00 00 00 00 
    20.094  7ED  8  06 50 03 00 19 01 F4 00 


    20.401  7E5  8  02 85 81 00 00 00 00 00 
    25.406  7E5  8  02 85 81 00 00 00 00 00 
    25.412  7ED  8  03 7F 85 7F 00 00 00 00 
    25.420  7DF  8  02 3E 80 00 00 00 00 00 


    27.421  7DF  8  02 3E 80 00 00 00 00 00 
    27.423  7E5  8  03 19 02 27 00 00 00 00 
    27.436  7ED  8  10 13 59 02 FF 0E 73 00 
    27.437  7E5  8  30 00 0A 00 00 00 00 00 
    27.441  7ED  8  21 27 30 38 49 2F E3 00 
    27.446  7ED  8  22 55 2F F0 00 49 27 00 


    31.250  7E5  8  03 19 01 27 00 00 00 00 
    31.262  7ED  8  06 59 01 FF 00 00 04 00 


    32.271  7E5  8  03 19 02 27 00 00 00 00 
    32.286  7ED  8  10 13 59 02 FF 0E 73 00 
    32.286  7E5  8  30 00 0A 00 00 00 00 00 
    32.291  7ED  8  21 27 30 38 49 2F E3 00 
    32.297  7ED  8  22 55 2F F0 00 49 27 00 


    35.318  7E5  8  02 10 01 00 00 00 00 00 
    35.323  7ED  8  06 50 01 00 19 01 F4 00 


    35.632  7E5  8  04 14 FF FF FF 00 00 00 
    35.648  7ED  8  01 54 00 00 00 00 00 00 


    36.681  7E5  8  02 10 03 00 00 00 00 00 
    36.687  7ED  8  06 50 03 00 19 01 F4 00 


    36.996  7E5  8  02 85 02 00 00 00 00 00 
    37.001  7ED  8  02 C5 02 00 00 00 00 00 


    39.019  7E5  8  03 19 02 27 00 00 00 00 
    39.035  7ED  8  10 13 59 02 FF 0E 73 00 
    39.035  7E5  8  30 00 0A 00 00 00 00 00 
    39.039  7ED  8  21 27 30 38 49 2F E3 00 
    39.045  7ED  8  22 55 2F F0 00 49 27 00 


    42.613  7E5  8  03 19 01 27 00 00 00 00 
    42.626  7ED  8  06 59 01 FF 00 00 04 00 


    43.632  7E5  8  03 19 02 27 00 00 00 00 
    43.645  7ED  8  10 13 59 02 FF 0E 73 00 
    43.646  7E5  8  30 00 0A 00 00 00 00 00 
    43.650  7ED  8  21 27 30 38 49 2F E3 00 
    43.654  7ED  8  22 55 2F F0 00 49 27 00 


    45.663  7E5  8  04 14 FF FF FF 00 00 00 
    45.683  7ED  8  01 54 00 00 00 00 00 00 


    46.692  7E5  8  02 10 03 00 00 00 00 00 
    46.702  7ED  8  06 50 03 00 19 01 F4 00 


    47.009  7E5  8  02 85 82 00 00 00 00 00 
    52.013  7E5  8  02 85 82 00 00 00 00 00 
    52.022  7ED  8  03 7F 85 7F 00 00 00 00 
    52.027  7DF  8  02 3E 80 00 00 00 00 00 


    54.029  7DF  8  02 3E 80 00 00 00 00 00 
    54.031  7E5  8  03 19 02 27 00 00 00 00 
    54.050  7ED  8  10 13 59 02 FF 0E 73 00 
    54.050  7E5  8  30 00 0A 00 00 00 00 00 
    54.055  7ED  8  21 27 30 38 49 2F E3 00 
    54.060  7ED  8  22 55 2F F0 00 49 27 00 


    57.715  7E5  8  03 19 01 27 00 00 00 00 
    57.726  7ED  8  06 59 01 FF 00 00 04 00 


    58.733  7E5  8  03 19 02 27 00 00 00 00 
    58.745  7ED  8  10 13 59 02 FF 0E 73 00 
    58.746  7E5  8  30 00 0A 00 00 00 00 00 
    58.750  7ED  8  21 27 30 38 49 2F E3 00 
    58.755  7ED  8  22 55 2F F0 00 49 27 00 


    61.772  7E5  8  02 10 03 00 00 00 00 00 
    61.782  7ED  8  06 50 03 00 19 01 F4 00 


    62.090  7E5  8  02 85 05 00 00 00 00 00 
    62.096  7ED  8  03 7F 85 12 00 00 00 00 


    63.103  7E5  8  03 85 01 01 00 00 00 00 
    63.111  7ED  8  03 7F 85 13 00 00 00 00 


    65.129  7E5  8  02 10 01 00 00 00 00 00 
    65.139  7ED  8  06 50 01 00 19 01 F4 00 


    65.445  7E5  8  03 22 D1 00 00 00 00 00 
    65.453  7ED  8  04 62 D1 00 01 00 00 00 


    65.761  7E5  8  04 14 FF FF FF 00 00 00 
    65.778  7ED  8  01 54 00 00 00 00 00 00 


    66.785  7E5  8  02 85 01 00 00 00 00 00 
    66.791  7ED  8  03 7F 85 7F 00 00 00 00 


    67.800  7E5  8  02 85 02 00 00 00 00 00 
    67.806  7ED  8  03 7F 85 7F 00 00 00 00 


    68.817  7E5  8  02 85 81 00 00 00 00 00 
    68.825  7ED  8  03 7F 85 7F 00 00 00 00 


    69.832  7E5  8  02 85 82 00 00 00 00 00 
    69.839  7ED  8  03 7F 85 7F 00 00 00 00 


    70.846  7E5  8  02 10 02 00 00 00 00 00 
    70.853  7ED  8  06 50 02 00 24 01 F4 00 


    71.158  7E5  8  02 3E 00 00 00 00 00 00 
    71.158  7ED  8  02 7E 00 00 00 00 00 00 


    72.167  7E5  8  03 22 D1 00 00 00 00 00 
    72.168  7ED  8  04 62 D1 00 02 00 00 00 


    72.476  7E5  8  04 14 FF FF FF 00 00 00 
    72.477  7ED  8  03 7F 14 11 00 00 00 00 


    73.485  7E5  8  02 85 01 00 00 00 00 00 
    73.485  7ED  8  03 7F 85 11 00 00 00 00 


    74.492  7E5  8  02 85 02 00 00 00 00 00 
    74.492  7ED  8  03 7F 85 11 00 00 00 00 


    75.501  7E5  8  02 85 81 00 00 00 00 00 
    75.502  7ED  8  03 7F 85 11 00 00 00 00 


    76.510  7E5  8  02 85 82 00 00 00 00 00 
    76.510  7ED  8  03 7F 85 11 00 00 00 00 

