
     3.124  7E5  8  02 11 01 00 00 00 00 00 
     3.131  7ED  8  02 51 01 00 00 00 00 00 


     4.151  7E5  8  02 10 01 00 00 00 00 00 
     4.159  7ED  8  06 50 01 00 19 01 F4 00 


     4.511  7E5  8  03 22 FD 00 00 00 00 00 
     4.518  7ED  8  06 62 FD 00 08 34 11 00 


     5.526  7E5  8  03 22 F1 09 00 00 00 00 
     5.532  7ED  8  06 62 F1 09 08 03 03 00 


     7.540  7E5  8  02 19 0A 00 00 00 00 00 
     7.555  7ED  8  10 8F 59 0A FF 0C 78 00 
     7.556  7E5  8  30 00 0A 00 00 00 00 00 
     7.560  7ED  8  21 50 0C F7 00 00 0C F9 
     7.564  7ED  8  22 2F 00 0C FB 00 00 0D 
     7.570  7ED  8  23 27 00 50 0D 28 00 50 
     7.575  7ED  8  24 0D 39 00 00 0D 3E 00 
     7.580  7ED  8  25 50 0D 56 11 00 0D 56 
     7.584  7ED  8  26 13 00 0D 67 00 00 0D 
     7.590  7ED  8  27 85 00 50 0D 8F 00 50 
     7.595  7ED  8  28 0D 90 00 50 0D 91 00 
     7.600  7ED  8  29 50 0D 92 00 50 0D 93 
     7.604  7ED  8  2A 00 50 0D 94 00 00 0D 
     7.610  7ED  8  2B 96 00 50 0D 98 00 00 
     7.615  7ED  8  2C 0D 9E 00 00 0E 72 00 
     7.620  7ED  8  2D 00 0E 73 00 26 30 36 
     7.624  7ED  8  2E 68 00 30 38 49 2F C0 
     7.630  7ED  8  2F 64 82 00 C0 64 87 00 
     7.635  7ED  8  20 C0 64 88 00 C3 00 00 
     7.640  7ED  8  21 00 E3 00 54 50 E3 00 
     7.644  7ED  8  22 55 2F E3 00 56 00 E3 
     7.650  7ED  8  23 00 64 50 F0 00 49 27 
     7.655  7ED  8  24 F0 00 9A 50 00 00 00 


     9.680  7E5  8  02 19 14 00 00 00 00 00 
     9.693  7ED  8  02 59 14 00 00 00 00 00 


    12.706  7E5  8  02 10 01 00 00 00 00 00 
    12.715  7ED  8  06 50 01 00 19 01 F4 00 


    13.020  7E5  8  04 14 FF FF FF 00 00 00 
    13.039  7ED  8  01 54 00 00 00 00 00 00 

[]
[]

    15.063  7E5  8  03 19 01 27 00 00 00 00 
    15.077  7ED  8  06 59 01 FF 00 00 04 00 


    17.082  7E5  8  03 19 02 27 00 00 00 00 
    17.095  7ED  8  10 13 59 02 FF 0E 73 00 
    17.096  7E5  8  30 00 0A 00 00 00 00 00 
    17.101  7ED  8  21 27 30 38 49 2F E3 00 
    17.106  7ED  8  22 55 2F F0 00 49 27 00 


    46.037  7E5  8  03 19 01 27 00 00 00 00 
    46.052  7ED  8  06 59 01 FF 00 00 04 00 


    48.076  7E5  8  03 19 12 27 00 00 00 00 
    48.090  7ED  8  06 59 12 FF 00 00 02 00 


    51.100  7E5  8  03 19 02 27 00 00 00 00 
    51.112  7ED  8  10 13 59 02 FF 0E 73 00 
    51.113  7E5  8  30 00 0A 00 00 00 00 00 
    51.117  7ED  8  21 27 30 38 49 2F E3 00 
    51.121  7ED  8  22 55 2F F0 00 49 27 00 


    53.130  7E5  8  06 19 04 0D 56 13 FF 00 
    53.135  7ED  8  06 59 04 0D 56 13 00 00 


    54.138  7E5  8  03 19 13 27 00 00 00 00 
    54.154  7ED  8  10 0B 59 13 FF 0E 73 00 
    54.155  7E5  8  30 00 0A 00 00 00 00 00 
    54.158  7ED  8  21 27 F0 00 49 27 00 00 


    56.164  7E5  8  03 19 12 27 00 00 00 00 
    56.176  7ED  8  06 59 12 FF 00 00 02 00 


    59.183  7E5  8  06 19 06 0D 56 13 FF 00 
    59.192  7ED  8  10 13 59 06 0D 56 13 00 
    59.193  7E5  8  30 00 0A 00 00 00 00 00 
    59.195  7ED  8  21 10 80 41 00 00 00 00 
    59.199  7ED  8  22 00 00 00 00 00 00 00 


    62.266  7E5  8  06 19 06 0D 56 13 FF 00 
    62.278  7ED  8  10 13 59 06 0D 56 13 00 
    62.279  7E5  8  30 00 0A 00 00 00 00 00 
    62.282  7ED  8  21 10 80 41 00 00 00 00 
    62.286  7ED  8  22 00 00 00 00 00 00 00 


    63.291  7E5  8  02 19 15 00 00 00 00 00 
    63.305  7ED  8  03 59 15 FF 00 00 00 00 


    67.354  7E5  8  06 19 06 0D 56 13 FF 00 
    67.364  7ED  8  10 13 59 06 0D 56 13 00 
    67.365  7E5  8  30 00 0A 00 00 00 00 00 
    67.367  7ED  8  21 10 80 41 00 00 00 00 
    67.371  7ED  8  22 00 00 00 00 00 00 00 


    69.083  7E5  8  06 19 06 0D 56 13 FF 00 
    69.092  7ED  8  10 13 59 06 0D 56 13 00 
    69.092  7E5  8  30 00 0A 00 00 00 00 00 
    69.096  7ED  8  21 10 80 41 00 00 00 00 
    69.099  7ED  8  22 00 00 00 00 00 00 00 


    71.062  7E5  8  06 19 06 0D 56 13 FF 00 
    71.076  7ED  8  10 13 59 06 0D 56 13 00 
    71.077  7E5  8  30 00 0A 00 00 00 00 00 
    71.080  7ED  8  21 10 80 41 00 00 00 00 
    71.082  7ED  8  22 00 00 00 00 00 00 00 


    74.013  7E5  8  06 19 06 0D 56 13 FF 00 
    74.022  7ED  8  10 13 59 06 0D 56 13 00 
    74.022  7E5  8  30 00 0A 00 00 00 00 00 
    74.025  7ED  8  21 10 80 41 00 00 00 00 
    74.029  7ED  8  22 00 00 00 00 00 00 00 


    75.034  7E5  8  03 19 12 27 00 00 00 00 
    75.048  7ED  8  06 59 12 FF 00 00 02 00 


    78.056  7E5  8  02 19 14 00 00 00 00 00 
    78.070  7ED  8  02 59 14 00 00 00 00 00 


    81.080  7E5  8  06 19 94 0D 56 13 FF 00 
    81.087  7ED  8  03 7F 19 13 00 00 00 00 


    84.893  7E5  8  03 19 81 27 00 00 00 00 
    89.898  7E5  8  03 19 81 27 00 00 00 00 
    94.902  7E5  8  03 19 81 27 00 00 00 00 
    99.906  7E5  8  03 19 81 27 00 00 00 00 
   104.910  7E5  8  03 19 81 27 00 00 00 00 
   109.914  7E5  8  03 19 81 27 00 00 00 00 
   114.927  7DF  8  02 3E 80 00 00 00 00 00 


   116.937  7E5  8  03 19 82 27 00 00 00 00 
   121.942  7E5  8  03 19 82 27 00 00 00 00 
   126.947  7E5  8  03 19 82 27 00 00 00 00 
   131.951  7E5  8  03 19 82 27 00 00 00 00 
   136.955  7E5  8  03 19 82 27 00 00 00 00 
   141.956  7E5  8  03 19 82 27 00 00 00 00 
   146.960  7DF  8  02 3E 80 00 00 00 00 00 


   148.962  7DF  8  02 3E 80 00 00 00 00 00 
   148.964  7E5  8  06 19 84 0D 56 11 FF 00 
   153.966  7E5  8  06 19 84 0D 56 11 FF 00 
   158.968  7E5  8  06 19 84 0D 56 11 FF 00 
   163.971  7E5  8  06 19 84 0D 56 11 FF 00 
   168.973  7E5  8  06 19 84 0D 56 11 FF 00 
   173.975  7E5  8  06 19 84 0D 56 11 FF 00 
   178.996  7DF  8  02 3E 80 00 00 00 00 00 


   181.002  7E5  8  06 19 86 0D 56 11 FF 00 
   186.005  7E5  8  06 19 86 0D 56 11 FF 00 
   191.009  7E5  8  06 19 86 0D 56 11 FF 00 
   196.013  7E5  8  06 19 86 0D 56 11 FF 00 
   201.017  7E5  8  06 19 86 0D 56 11 FF 00 
   206.020  7E5  8  06 19 86 0D 56 11 FF 00 
   211.031  7DF  8  02 3E 80 00 00 00 00 00 


   213.039  7E5  8  02 19 8A 00 00 00 00 00 
   218.043  7E5  8  02 19 8A 00 00 00 00 00 
   223.047  7E5  8  02 19 8A 00 00 00 00 00 
   228.049  7E5  8  02 19 8A 00 00 00 00 00 
   233.051  7E5  8  02 19 8A 00 00 00 00 00 
   238.053  7E5  8  02 19 8A 00 00 00 00 00 
   243.057  7DF  8  02 3E 80 00 00 00 00 00 

