
     3.069  7E5  8  02 11 01 00 00 00 00 00 
     3.077  7ED  8  02 51 01 00 00 00 00 00 


     4.092  7E5  8  02 10 01 00 00 00 00 00 
     4.099  7ED  8  06 50 01 00 19 01 F4 00 


     4.414  7E5  8  03 22 FD 00 00 00 00 00 
     4.423  7ED  8  06 62 FD 00 08 34 11 00 


     4.736  7E5  8  03 22 F1 09 00 00 00 00 
     4.743  7ED  8  06 62 F1 09 08 03 03 00 


     6.055  7E5  8  02 3E 00 00 00 00 00 00 
     6.062  7ED  8  02 7E 00 00 00 00 00 00 


     7.070  7E5  8  02 10 01 00 00 00 00 00 
     7.076  7ED  8  06 50 01 00 19 01 F4 00 


     7.402  7E5  8  03 22 D1 00 00 00 00 00 
     7.411  7ED  8  04 62 D1 00 01 00 00 00 


     7.729  7E5  8  02 10 02 00 00 00 00 00 
     7.736  7ED  8  06 50 02 00 24 01 F4 00 


     8.056  7E5  8  03 22 D1 00 00 00 00 00 
     8.056  7ED  8  04 62 D1 00 02 00 00 00 


    38.395  7E5  8  03 22 D1 00 00 00 00 00 
    38.395  7ED  8  04 62 D1 00 02 00 00 00 


    45.107  7E5  8  03 22 D1 00 00 00 00 00 
    45.116  7ED  8  04 62 D1 00 01 00 00 00 


    45.422  7E5  8  02 10 03 00 00 00 00 00 
    45.431  7ED  8  06 50 03 00 19 01 F4 00 


    45.736  7E5  8  03 22 D1 00 00 00 00 00 
    45.745  7ED  8  04 62 D1 00 03 00 00 00 


    76.049  7E5  8  03 22 D1 00 00 00 00 00 
    76.055  7ED  8  04 62 D1 00 03 00 00 00 


    82.444  7E5  8  03 22 D1 00 00 00 00 00 
    82.454  7ED  8  04 62 D1 00 01 00 00 00 


    82.759  7E5  8  02 3E 80 00 00 00 00 00 


    83.763  7E5  8  02 10 01 00 00 00 00 00 
    83.773  7ED  8  06 50 01 00 19 01 F4 00 


    84.079  7E5  8  03 22 D1 00 00 00 00 00 
    84.087  7ED  8  04 62 D1 00 01 00 00 00 


    84.392  7E5  8  02 10 02 00 00 00 00 00 
    84.402  7ED  8  06 50 02 00 24 01 F4 00 


    84.709  7E5  8  03 22 D1 00 00 00 00 00 
    84.709  7ED  8  04 62 D1 00 02 00 00 00 


    87.015  7E5  8  03 22 D1 00 00 00 00 00 
    87.015  7ED  8  04 62 D1 00 02 00 00 00 


    92.322  7E5  8  03 22 D1 00 00 00 00 00 
    92.332  7ED  8  04 62 D1 00 01 00 00 00 


    92.636  7E5  8  02 3E 80 00 00 00 00 00 


    93.641  7E5  8  02 10 03 00 00 00 00 00 
    93.646  7ED  8  06 50 03 00 19 01 F4 00 


    93.952  7E5  8  03 22 D1 00 00 00 00 00 
    93.961  7ED  8  04 62 D1 00 03 00 00 00 


    96.266  7E5  8  03 22 D1 00 00 00 00 00 
    96.274  7ED  8  04 62 D1 00 03 00 00 00 


   101.580  7E5  8  03 22 D1 00 00 00 00 00 
   101.588  7ED  8  04 62 D1 00 01 00 00 00 


   102.896  7E5  8  02 10 01 00 00 00 00 00 
   102.901  7ED  8  06 50 01 00 19 01 F4 00 


   103.208  7E5  8  03 22 D1 00 00 00 00 00 
   103.217  7ED  8  04 62 D1 00 01 00 00 00 


   103.521  7E5  8  02 3E 00 00 00 00 00 00 
   103.532  7ED  8  02 7E 00 00 00 00 00 00 


   104.539  7E5  8  02 11 01 00 00 00 00 00 
   104.545  7ED  8  02 51 01 00 00 00 00 00 


   105.551  7E5  8  03 22 D1 00 00 00 00 00 
   105.558  7ED  8  04 62 D1 00 01 00 00 00 


   105.864  7E5  8  02 10 02 00 00 00 00 00 
   105.873  7ED  8  06 50 02 00 24 01 F4 00 


   106.178  7E5  8  03 22 D1 00 00 00 00 00 
   106.178  7ED  8  04 62 D1 00 02 00 00 00 


   106.482  7E5  8  02 3E 00 00 00 00 00 00 
   106.482  7ED  8  02 7E 00 00 00 00 00 00 


   107.487  7E5  8  02 11 01 00 00 00 00 00 
   107.487  7ED  8  02 51 01 00 00 00 00 00 


   108.493  7E5  8  03 22 D1 00 00 00 00 00 
   108.504  7ED  8  04 62 D1 00 01 00 00 00 


   108.810  7E5  8  02 10 03 00 00 00 00 00 
   108.818  7ED  8  06 50 03 00 19 01 F4 00 


   109.124  7E5  8  03 22 D1 00 00 00 00 00 
   109.132  7ED  8  04 62 D1 00 03 00 00 00 


   110.440  7E5  8  02 3E 02 00 00 00 00 00 
   110.447  7ED  8  03 7F 3E 12 00 00 00 00 


   111.451  7E5  8  01 3E 00 00 00 00 00 00 
   111.461  7ED  8  03 7F 3E 13 00 00 00 00 


   113.495  7E5  8  02 10 01 00 00 00 00 00 
   113.504  7ED  8  06 50 01 00 19 01 F4 00 


   113.811  7E5  8  03 22 D1 00 00 00 00 00 
   113.818  7ED  8  04 62 D1 00 01 00 00 00 


   114.125  7E5  8  02 10 03 00 00 00 00 00 
   114.133  7ED  8  06 50 03 00 19 01 F4 00 


   114.439  7E5  8  02 27 03 00 00 00 00 00 
   114.447  7ED  8  05 67 03 12 F3 E1 00 00 
   114.953  7E5  8  05 27 04 06 60 10 00 00 
   114.977  7ED  8  02 67 04 00 00 00 00 00 


   114.988  7E5  8  03 22 D1 00 00 00 00 00 
   114.997  7ED  8  04 62 D1 00 03 00 00 00 


   145.304  7E5  8  03 22 D1 00 00 00 00 00 
   145.312  7ED  8  04 62 D1 00 03 00 00 00 


   151.149  7E5  8  03 22 D1 00 00 00 00 00 
   151.156  7ED  8  04 62 D1 00 01 00 00 00 


   151.460  7E5  8  02 3E 80 00 00 00 00 00 


   152.464  7E5  8  02 10 03 00 00 00 00 00 
   152.469  7ED  8  06 50 03 00 19 01 F4 00 


   152.775  7E5  8  02 27 03 00 00 00 00 00 
   152.785  7ED  8  05 67 03 74 F6 82 00 00 
   153.290  7E5  8  05 27 04 C5 4A D0 00 00 
   153.314  7ED  8  02 67 04 00 00 00 00 00 


   153.317  7E5  8  03 22 D1 00 00 00 00 00 
   153.324  7ED  8  04 62 D1 00 03 00 00 00 


   155.629  7E5  8  03 22 D1 00 00 00 00 00 
   155.637  7ED  8  04 62 D1 00 03 00 00 00 


   160.941  7E5  8  03 22 D1 00 00 00 00 00 
   160.946  7ED  8  04 62 D1 00 01 00 00 00 


   162.250  7E5  8  02 10 01 00 00 00 00 00 
   162.255  7ED  8  06 50 01 00 19 01 F4 00 


   162.558  7E5  8  03 22 D1 00 00 00 00 00 
   162.565  7ED  8  04 62 D1 00 01 00 00 00 


   162.869  7E5  8  02 10 03 00 00 00 00 00 
   162.875  7ED  8  06 50 03 00 19 01 F4 00 


   163.178  7E5  8  02 27 0F 00 00 00 00 00 
   163.184  7ED  8  05 67 0F B1 A5 14 00 00 
   163.688  7E5  8  05 27 10 9A D6 42 00 00 
   163.709  7ED  8  02 67 10 00 00 00 00 00 


   163.712  7E5  8  03 22 D1 00 00 00 00 00 
   163.718  7ED  8  04 62 D1 00 03 00 00 00 


   194.021  7E5  8  03 22 D1 00 00 00 00 00 
   194.028  7ED  8  04 62 D1 00 03 00 00 00 


   199.885  7E5  8  03 22 D1 00 00 00 00 00 
   199.893  7ED  8  04 62 D1 00 01 00 00 00 


   200.195  7E5  8  02 3E 80 00 00 00 00 00 


   201.197  7E5  8  02 10 03 00 00 00 00 00 
   201.206  7ED  8  06 50 03 00 19 01 F4 00 


   201.509  7E5  8  02 27 0F 00 00 00 00 00 
   201.516  7ED  8  05 67 0F BB 96 2D 00 00 
   202.019  7E5  8  05 27 10 00 FB 30 00 00 
   202.040  7ED  8  02 67 10 00 00 00 00 00 


   202.043  7E5  8  03 22 D1 00 00 00 00 00 
   202.051  7ED  8  04 62 D1 00 03 00 00 00 


   204.360  7E5  8  03 22 D1 00 00 00 00 00 
   204.368  7ED  8  04 62 D1 00 03 00 00 00 


   209.677  7E5  8  03 22 D1 00 00 00 00 00 
   209.683  7ED  8  04 62 D1 00 01 00 00 00 

