
     3.107  7E5  8  02 11 01 00 00 00 00 00 
     3.114  7ED  8  02 51 01 00 00 00 00 00 


     4.127  7E5  8  02 10 01 00 00 00 00 00 
     4.137  7ED  8  06 50 01 00 19 01 F4 00 


     4.524  7E5  8  03 22 FD 00 00 00 00 00 
     4.531  7ED  8  06 62 FD 00 08 34 11 00 


     4.883  7E5  8  03 22 F1 09 00 00 00 00 
     4.891  7ED  8  06 62 F1 09 08 03 03 00 


     6.210  7E5  8  02 10 01 00 00 00 00 00 
     6.219  7ED  8  06 50 01 00 19 01 F4 00 


     6.547  7E5  8  03 22 D1 00 00 00 00 00 
     6.554  7ED  8  04 62 D1 00 01 00 00 00 


     6.865  7E5  8  02 10 02 00 00 00 00 00 
     6.874  7ED  8  06 50 02 00 24 01 F4 00 


     7.180  7E5  8  03 22 D1 00 00 00 00 00 
     7.181  7ED  8  04 62 D1 00 02 00 00 00 


     7.500  7E5  8  02 11 01 00 00 00 00 00 
     7.500  7ED  8  02 51 01 00 00 00 00 00 


     8.520  7E5  8  02 10 03 00 00 00 00 00 
     8.529  7ED  8  06 50 03 00 19 01 F4 00 


     8.878  7E5  8  03 22 D1 00 00 00 00 00 
     8.888  7ED  8  04 62 D1 00 03 00 00 00 


     9.221  7E5  8  02 10 81 00 00 00 00 00 


     9.532  7E5  8  03 22 D1 00 00 00 00 00 
     9.538  7ED  8  04 62 D1 00 01 00 00 00 


     9.885  7E5  8  02 10 82 00 00 00 00 00 


    10.214  7E5  8  03 22 D1 00 00 00 00 00 
    10.215  7ED  8  04 62 D1 00 02 00 00 00 


    10.580  7E5  8  02 11 01 00 00 00 00 00 
    10.580  7ED  8  02 51 01 00 00 00 00 00 


    11.621  7E5  8  02 10 83 00 00 00 00 00 


    11.928  7E5  8  03 22 D1 00 00 00 00 00 
    11.936  7ED  8  04 62 D1 00 03 00 00 00 


    14.123  7E5  8  02 10 01 00 00 00 00 00 
    14.129  7ED  8  06 50 01 00 19 01 F4 00 


    14.460  7E5  8  03 22 D1 00 00 00 00 00 
    14.469  7ED  8  04 62 D1 00 01 00 00 00 


    14.809  7E5  8  02 10 02 00 00 00 00 00 
    14.818  7ED  8  06 50 02 00 24 01 F4 00 


    15.143  7E5  8  03 22 D1 00 00 00 00 00 
    15.143  7ED  8  04 62 D1 00 02 00 00 00 


    20.490  7E5  8  03 22 D1 00 00 00 00 00 
    20.499  7ED  8  04 62 D1 00 01 00 00 00 


    20.807  7E5  8  02 10 03 00 00 00 00 00 
    20.814  7ED  8  06 50 03 00 19 01 F4 00 


    21.122  7E5  8  03 22 D1 00 00 00 00 00 
    21.128  7ED  8  04 62 D1 00 03 00 00 00 


    26.437  7E5  8  03 22 D1 00 00 00 00 00 
    26.443  7ED  8  04 62 D1 00 01 00 00 00 


    26.749  7E5  8  02 10 82 00 00 00 00 00 


    27.054  7E5  8  03 22 D1 00 00 00 00 00 
    27.055  7ED  8  04 62 D1 00 02 00 00 00 


    32.364  7E5  8  03 22 D1 00 00 00 00 00 
    32.373  7ED  8  04 62 D1 00 01 00 00 00 


    32.678  7E5  8  02 10 83 00 00 00 00 00 


    32.983  7E5  8  03 22 D1 00 00 00 00 00 
    32.992  7ED  8  04 62 D1 00 03 00 00 00 


    38.304  7E5  8  03 22 D1 00 00 00 00 00 
    38.312  7ED  8  04 62 D1 00 01 00 00 00 


    39.626  7E5  8  02 10 05 00 00 00 00 00 
    39.635  7ED  8  03 7F 10 12 00 00 00 00 


    39.943  7E5  8  01 10 00 00 00 00 00 00 
    39.950  7ED  8  03 7F 10 13 00 00 00 00 


    41.263  7E5  8  02 10 01 00 00 00 00 00 
    41.269  7ED  8  06 50 01 00 19 01 F4 00 


    41.576  7E5  8  03 22 D1 00 00 00 00 00 
    41.583  7ED  8  04 62 D1 00 01 00 00 00 


    41.890  7E5  8  02 11 01 00 00 00 00 00 
    41.898  7ED  8  02 51 01 00 00 00 00 00 


    42.905  7E5  8  03 22 D1 00 00 00 00 00 
    42.914  7ED  8  04 62 D1 00 01 00 00 00 


    43.222  7E5  8  02 10 02 00 00 00 00 00 
    43.229  7ED  8  06 50 02 00 24 01 F4 00 


    43.537  7E5  8  02 11 01 00 00 00 00 00 
    43.538  7ED  8  02 51 01 00 00 00 00 00 


    44.545  7E5  8  03 22 D1 00 00 00 00 00 
    44.551  7ED  8  04 62 D1 00 01 00 00 00 


    44.859  7E5  8  02 11 01 00 00 00 00 00 
    44.867  7ED  8  02 51 01 00 00 00 00 00 


    45.873  7E5  8  02 10 03 00 00 00 00 00 
    45.883  7ED  8  06 50 03 00 19 01 F4 00 


    46.191  7E5  8  02 11 01 00 00 00 00 00 
    46.197  7ED  8  02 51 01 00 00 00 00 00 


    47.206  7E5  8  03 22 D1 00 00 00 00 00 
    47.214  7ED  8  04 62 D1 00 01 00 00 00 


    48.527  7E5  8  02 27 03 00 00 00 00 00 
    48.538  7ED  8  03 7F 27 7F 00 00 00 00 
    49.046  7E5  8  05 27 04 64 BA 7D 00 00 
    49.053  7ED  8  03 7F 27 7F 00 00 00 00 


    49.062  7E5  8  02 10 03 00 00 00 00 00 
    49.067  7ED  8  06 50 03 00 19 01 F4 00 


    49.372  7E5  8  03 22 D1 00 00 00 00 00 
    49.382  7ED  8  04 62 D1 00 03 00 00 00 


    49.688  7E5  8  02 27 03 00 00 00 00 00 
    49.697  7ED  8  05 67 03 C6 2F E9 00 00 
    50.200  7E5  8  05 27 04 87 6D 53 00 00 
    50.222  7ED  8  02 67 04 00 00 00 00 00 


    50.227  7E5  8  02 11 01 00 00 00 00 00 
    50.237  7ED  8  02 51 01 00 00 00 00 00 


    51.241  7E5  8  03 22 D1 00 00 00 00 00 
    51.252  7ED  8  04 62 D1 00 01 00 00 00 


    51.556  7E5  8  02 27 0F 00 00 00 00 00 
    51.561  7ED  8  03 7F 27 7F 00 00 00 00 
    52.067  7E5  8  05 27 10 29 65 A0 00 00 
    52.076  7ED  8  03 7F 27 7F 00 00 00 00 


    52.080  7E5  8  02 10 03 00 00 00 00 00 
    52.086  7ED  8  06 50 03 00 19 01 F4 00 


    52.390  7E5  8  03 22 D1 00 00 00 00 00 
    52.396  7ED  8  04 62 D1 00 03 00 00 00 


    52.700  7E5  8  02 27 0F 00 00 00 00 00 
    52.711  7ED  8  05 67 0F 90 A3 33 00 00 
    53.216  7E5  8  05 27 10 33 40 EF 00 00 
    53.240  7ED  8  02 67 10 00 00 00 00 00 


    53.244  7E5  8  02 11 01 00 00 00 00 00 
    53.250  7ED  8  02 51 01 00 00 00 00 00 


    54.254  7E5  8  03 22 D1 00 00 00 00 00 
    54.260  7ED  8  04 62 D1 00 01 00 00 00 


    55.566  7E5  8  02 10 01 00 00 00 00 00 
    55.573  7ED  8  06 50 01 00 19 01 F4 00 


    55.877  7E5  8  03 22 D1 00 00 00 00 00 
    55.883  7ED  8  04 62 D1 00 01 00 00 00 


    56.187  7E5  8  02 11 01 00 00 00 00 00 
    56.193  7ED  8  02 51 01 00 00 00 00 00 


    57.199  7E5  8  03 22 D1 00 00 00 00 00 
    57.206  7ED  8  04 62 D1 00 01 00 00 00 


    57.509  7E5  8  02 10 02 00 00 00 00 00 
    57.520  7ED  8  06 50 02 00 24 01 F4 00 


    57.825  7E5  8  03 22 D1 00 00 00 00 00 
    57.825  7ED  8  04 62 D1 00 02 00 00 00 


    58.129  7E5  8  02 11 01 00 00 00 00 00 
    58.129  7ED  8  02 51 01 00 00 00 00 00 


    59.134  7E5  8  03 22 D1 00 00 00 00 00 
    59.141  7ED  8  04 62 D1 00 01 00 00 00 


    59.444  7E5  8  02 11 01 00 00 00 00 00 
    59.451  7ED  8  02 51 01 00 00 00 00 00 


    60.454  7E5  8  02 10 03 00 00 00 00 00 
    60.463  7ED  8  06 50 03 00 19 01 F4 00 


    60.768  7E5  8  03 22 D1 00 00 00 00 00 
    60.778  7ED  8  04 62 D1 00 03 00 00 00 


    61.082  7E5  8  02 11 01 00 00 00 00 00 
    61.087  7ED  8  02 51 01 00 00 00 00 00 


    62.091  7E5  8  03 22 D1 00 00 00 00 00 
    62.099  7ED  8  04 62 D1 00 01 00 00 00 


    62.403  7E5  8  02 27 03 00 00 00 00 00 
    62.409  7ED  8  03 7F 27 7F 00 00 00 00 
    62.912  7E5  8  05 27 04 64 BA 7D 00 00 
    62.918  7ED  8  03 7F 27 7F 00 00 00 00 


    62.921  7E5  8  02 10 03 00 00 00 00 00 
    62.929  7ED  8  06 50 03 00 19 01 F4 00 


    63.232  7E5  8  03 22 D1 00 00 00 00 00 
    63.243  7ED  8  04 62 D1 00 03 00 00 00 


    63.547  7E5  8  02 11 01 00 00 00 00 00 
    63.552  7ED  8  02 51 01 00 00 00 00 00 


    64.555  7E5  8  03 22 D1 00 00 00 00 00 
    64.564  7ED  8  04 62 D1 00 01 00 00 00 


    64.868  7E5  8  02 27 0F 00 00 00 00 00 
    64.874  7ED  8  03 7F 27 7F 00 00 00 00 
    65.378  7E5  8  05 27 10 29 65 A0 00 00 
    65.389  7ED  8  03 7F 27 7F 00 00 00 00 


    65.393  7E5  8  02 10 03 00 00 00 00 00 
    65.398  7ED  8  06 50 03 00 19 01 F4 00 


    65.702  7E5  8  03 22 D1 00 00 00 00 00 
    65.708  7ED  8  04 62 D1 00 03 00 00 00 


    66.012  7E5  8  02 11 01 00 00 00 00 00 
    66.017  7ED  8  02 51 01 00 00 00 00 00 


    67.020  7E5  8  03 22 D1 00 00 00 00 00 
    67.029  7ED  8  04 62 D1 00 01 00 00 00 


    68.335  7E5  8  02 11 01 00 00 00 00 00 
    68.343  7ED  8  02 51 01 00 00 00 00 00 


    69.347  7E5  8  02 10 01 00 00 00 00 00 
    69.353  7ED  8  06 50 01 00 19 01 F4 00 


    69.655  7E5  8  02 10 40 00 00 00 00 00 
    69.663  7ED  8  03 7F 10 12 00 00 00 00 


    69.967  7E5  8  02 10 81 00 00 00 00 00 


    70.268  7E5  8  02 10 82 00 00 00 00 00 


    70.571  7E5  8  02 11 01 00 00 00 00 00 
    70.572  7ED  8  02 51 01 00 00 00 00 00 


    71.574  7E5  8  02 10 83 00 00 00 00 00 


    71.877  7E5  8  02 10 C0 00 00 00 00 00 


    71.885  7ED  8  03 7F 10 12 00 00 00 00 
    72.181  7E5  8  02 10 02 00 00 00 00 00 
    72.189  7ED  8  06 50 02 00 24 01 F4 00 


    72.491  7E5  8  02 10 40 00 00 00 00 00 
    72.492  7ED  8  03 7F 10 12 00 00 00 00 


    72.795  7E5  8  02 10 81 00 00 00 00 00 


    73.097  7E5  8  02 10 82 00 00 00 00 00 


    73.097  7ED  8  03 7F 10 21 00 00 00 00 
    73.399  7E5  8  02 11 01 00 00 00 00 00 
    73.407  7ED  8  02 51 01 00 00 00 00 00 


    74.409  7E5  8  02 10 83 00 00 00 00 00 


    74.712  7E5  8  02 10 C0 00 00 00 00 00 


    74.720  7ED  8  03 7F 10 12 00 00 00 00 
    75.014  7E5  8  02 11 01 00 00 00 00 00 
    75.025  7ED  8  02 51 01 00 00 00 00 00 


    76.029  7E5  8  02 10 03 00 00 00 00 00 
    76.036  7ED  8  06 50 03 00 19 01 F4 00 


    76.339  7E5  8  02 10 40 00 00 00 00 00 
    76.346  7ED  8  03 7F 10 12 00 00 00 00 


    76.649  7E5  8  02 10 81 00 00 00 00 00 


    76.951  7E5  8  02 10 82 00 00 00 00 00 


    77.253  7E5  8  02 11 01 00 00 00 00 00 
    77.254  7ED  8  02 51 01 00 00 00 00 00 


    78.257  7E5  8  02 10 83 00 00 00 00 00 


    78.558  7E5  8  02 10 C0 00 00 00 00 00 


    78.566  7ED  8  03 7F 10 12 00 00 00 00 
    78.862  7E5  8  02 27 03 00 00 00 00 00 
    78.870  7ED  8  05 67 03 08 C7 CF 00 00 
    79.373  7E5  8  05 27 04 7C 8D 1C 00 00 
    79.394  7ED  8  02 67 04 00 00 00 00 00 


    79.397  7E5  8  02 10 40 00 00 00 00 00 
    79.405  7ED  8  03 7F 10 12 00 00 00 00 


    79.707  7E5  8  02 10 81 00 00 00 00 00 


    80.008  7E5  8  02 10 82 00 00 00 00 00 


    80.311  7E5  8  02 11 01 00 00 00 00 00 
    80.311  7ED  8  02 51 01 00 00 00 00 00 


    81.316  7E5  8  02 10 83 00 00 00 00 00 


    81.617  7E5  8  02 10 C0 00 00 00 00 00 


    81.625  7ED  8  03 7F 10 12 00 00 00 00 
    81.921  7E5  8  02 27 0F 00 00 00 00 00 
    81.930  7ED  8  05 67 0F 4A FD B7 00 00 
    82.434  7E5  8  05 27 10 2E BB 50 00 00 
    82.455  7ED  8  02 67 10 00 00 00 00 00 


    82.458  7E5  8  02 10 40 00 00 00 00 00 
    82.464  7ED  8  03 7F 10 12 00 00 00 00 


    82.767  7E5  8  02 10 81 00 00 00 00 00 


    83.068  7E5  8  02 10 82 00 00 00 00 00 


    83.372  7E5  8  02 11 01 00 00 00 00 00 
    83.372  7ED  8  02 51 01 00 00 00 00 00 


    84.374  7E5  8  02 10 83 00 00 00 00 00 


    84.677  7E5  8  02 10 C0 00 00 00 00 00 


    84.684  7ED  8  03 7F 10 12 00 00 00 00 
    85.982  7E5  8  02 11 01 00 00 00 00 00 
    85.987  7ED  8  02 51 01 00 00 00 00 00 


    91.990  7E5  8  03 10 01 00 00 00 00 00 
    91.999  7ED  8  03 7F 10 13 00 00 00 00 


    92.302  7E5  8  03 10 02 00 00 00 00 00 
    92.308  7ED  8  03 7F 10 13 00 00 00 00 


    92.611  7E5  8  03 10 03 00 00 00 00 00 
    92.619  7ED  8  03 7F 10 13 00 00 00 00 


    92.922  7E5  8  03 10 40 00 00 00 00 00 
    92.928  7ED  8  03 7F 10 12 00 00 00 00 


    93.229  7E5  8  03 10 81 00 00 00 00 00 
    93.238  7ED  8  03 7F 10 13 00 00 00 00 


    93.542  7E5  8  03 10 82 00 00 00 00 00 
    93.547  7ED  8  03 7F 10 13 00 00 00 00 


    93.849  7E5  8  03 10 83 00 00 00 00 00 
    93.857  7ED  8  03 7F 10 13 00 00 00 00 


    94.161  7E5  8  03 10 C0 00 00 00 00 00 
    94.166  7ED  8  03 7F 10 12 00 00 00 00 


    94.469  7E5  8  03 10 01 FF 00 00 00 00 
    94.477  7ED  8  03 7F 10 13 00 00 00 00 


    94.779  7E5  8  03 10 02 FF 00 00 00 00 
    94.786  7ED  8  03 7F 10 13 00 00 00 00 


    95.089  7E5  8  03 10 03 FF 00 00 00 00 
    95.096  7ED  8  03 7F 10 13 00 00 00 00 


    95.399  7E5  8  03 10 40 FF 00 00 00 00 
    95.405  7ED  8  03 7F 10 12 00 00 00 00 


    95.708  7E5  8  03 10 81 FF 00 00 00 00 
    95.716  7ED  8  03 7F 10 13 00 00 00 00 


    96.018  7E5  8  03 10 82 FF 00 00 00 00 
    96.024  7ED  8  03 7F 10 13 00 00 00 00 


    96.327  7E5  8  03 10 83 FF 00 00 00 00 
    96.335  7ED  8  03 7F 10 13 00 00 00 00 


    96.637  7E5  8  03 10 C0 FF 00 00 00 00 
    96.644  7ED  8  03 7F 10 12 00 00 00 00 


    97.948  7E5  8  02 11 01 00 00 00 00 00 
    97.958  7ED  8  02 51 01 00 00 00 00 00 


    98.963  7E5  8  02 27 03 00 00 00 00 00 
    98.970  7ED  8  03 7F 27 7F 00 00 00 00 
    99.474  7E5  8  05 27 04 64 BA 7D 00 00 
    99.480  7ED  8  03 7F 27 7F 00 00 00 00 


    99.484  7E5  8  02 10 03 00 00 00 00 00 
    99.495  7ED  8  06 50 03 00 19 01 F4 00 


    99.800  7E5  8  03 22 D1 00 00 00 00 00 
    99.809  7ED  8  04 62 D1 00 03 00 00 00 


   100.114  7E5  8  02 27 03 00 00 00 00 00 
   100.123  7ED  8  05 67 03 8F 35 BA 00 00 
   100.630  7E5  8  05 27 04 CF 55 15 00 00 
   100.654  7ED  8  02 67 04 00 00 00 00 00 


   100.658  7E5  8  02 11 01 00 00 00 00 00 
   100.663  7ED  8  02 51 01 00 00 00 00 00 


   101.667  7E5  8  03 22 D1 00 00 00 00 00 
   101.675  7ED  8  04 62 D1 00 01 00 00 00 


   101.979  7E5  8  02 27 0F 00 00 00 00 00 
   101.985  7ED  8  03 7F 27 7F 00 00 00 00 
   102.490  7E5  8  05 27 10 29 65 A0 00 00 
   102.499  7ED  8  03 7F 27 7F 00 00 00 00 


   102.504  7E5  8  02 10 03 00 00 00 00 00 
   102.509  7ED  8  06 50 03 00 19 01 F4 00 


   102.812  7E5  8  03 22 D1 00 00 00 00 00 
   102.819  7ED  8  04 62 D1 00 03 00 00 00 


   103.122  7E5  8  02 27 0F 00 00 00 00 00 
   103.128  7ED  8  05 67 0F 8C C8 44 00 00 
   103.631  7E5  8  05 27 10 25 EB C3 00 00 
   103.653  7ED  8  02 67 10 00 00 00 00 00 


   103.657  7E5  8  02 11 01 00 00 00 00 00 
   103.663  7ED  8  02 51 01 00 00 00 00 00 


   104.666  7E5  8  03 22 D1 00 00 00 00 00 
   104.675  7ED  8  04 62 D1 00 01 00 00 00 


   105.980  7E5  8  02 11 01 00 00 00 00 00 
   105.988  7ED  8  02 51 01 00 00 00 00 00 


   108.618  7E5  8  02 10 02 00 00 00 00 00 
   108.627  7ED  8  06 50 02 00 24 01 F4 00 


   113.932  7E5  8  03 22 D1 00 00 00 00 00 
   113.937  7ED  8  04 62 D1 00 01 00 00 00 


   114.242  7E5  8  02 11 01 00 00 00 00 00 
   114.248  7ED  8  02 51 01 00 00 00 00 00 


   115.253  7E5  8  02 10 02 00 00 00 00 00 
   115.259  7ED  8  06 50 02 00 24 01 F4 00 


   118.562  7E5  8  03 22 D1 00 00 00 00 00 
   118.562  7ED  8  04 62 D1 00 02 00 00 00 


   118.866  7E5  8  02 11 01 00 00 00 00 00 
   118.866  7ED  8  02 51 01 00 00 00 00 00 


   119.871  7E5  8  02 10 02 00 00 00 00 00 
   119.879  7ED  8  06 50 02 00 24 01 F4 00 


   121.184  7E5  8  03 22 D1 00 00 00 00 00 
   121.184  7ED  8  04 62 D1 00 02 00 00 00 


   121.488  7E5  8  02 10 02 00 00 00 00 00 
   121.489  7ED  8  06 50 02 00 19 01 F4 00 


   126.794  7E5  8  03 22 D1 00 00 00 00 00 
   126.794  7ED  8  04 62 D1 00 02 00 00 00 


   127.097  7E5  8  02 10 02 00 00 00 00 00 
   127.098  7ED  8  06 50 02 00 19 01 F4 00 


   137.401  7E5  8  03 22 D1 00 00 00 00 00 
   137.402  7ED  8  04 62 D1 00 02 00 00 00 


   138.708  7E5  8  02 11 01 00 00 00 00 00 
   138.708  7ED  8  02 51 01 00 00 00 00 00 


   141.494  7E5  8  02 10 03 00 00 00 00 00 
   141.504  7ED  8  06 50 03 00 19 01 F4 00 


   146.808  7E5  8  03 22 D1 00 00 00 00 00 
   146.814  7ED  8  04 62 D1 00 01 00 00 00 


   147.119  7E5  8  02 11 01 00 00 00 00 00 
   147.129  7ED  8  02 51 01 00 00 00 00 00 


   148.133  7E5  8  02 10 03 00 00 00 00 00 
   148.140  7ED  8  06 50 03 00 19 01 F4 00 


   151.445  7E5  8  03 22 D1 00 00 00 00 00 
   151.451  7ED  8  04 62 D1 00 03 00 00 00 


   151.755  7E5  8  02 11 01 00 00 00 00 00 
   151.761  7ED  8  02 51 01 00 00 00 00 00 


   152.766  7E5  8  02 10 03 00 00 00 00 00 
   152.772  7ED  8  06 50 03 00 19 01 F4 00 


   154.077  7E5  8  03 22 D1 00 00 00 00 00 
   154.086  7ED  8  04 62 D1 00 03 00 00 00 


   154.390  7E5  8  02 10 03 00 00 00 00 00 
   154.396  7ED  8  06 50 03 00 19 01 F4 00 


   159.699  7E5  8  03 22 D1 00 00 00 00 00 
   159.705  7ED  8  04 62 D1 00 03 00 00 00 


   160.009  7E5  8  02 10 03 00 00 00 00 00 
   160.014  7ED  8  06 50 03 00 19 01 F4 00 


   170.317  7E5  8  03 22 D1 00 00 00 00 00 
   170.324  7ED  8  04 62 D1 00 03 00 00 00 


   171.630  7E5  8  02 11 01 00 00 00 00 00 
   171.638  7ED  8  02 51 01 00 00 00 00 00 


   174.395  7E5  8  02 10 03 00 00 00 00 00 
   174.402  7ED  8  06 50 03 00 19 01 F4 00 


   179.708  7E5  8  03 22 D1 00 00 00 00 00 
   179.716  7ED  8  04 62 D1 00 01 00 00 00 


   180.021  7E5  8  02 11 01 00 00 00 00 00 
   180.031  7ED  8  02 51 01 00 00 00 00 00 


   181.036  7E5  8  02 10 03 00 00 00 00 00 
   181.046  7ED  8  06 50 03 00 19 01 F4 00 


   181.350  7E5  8  02 27 03 00 00 00 00 00 
   181.360  7ED  8  05 67 03 53 8D DE 00 00 
   181.865  7E5  8  05 27 04 7C 61 06 00 00 
   181.889  7ED  8  02 67 04 00 00 00 00 00 


   184.894  7E5  8  03 22 D1 00 00 00 00 00 
   184.902  7ED  8  04 62 D1 00 03 00 00 00 


   185.206  7E5  8  02 11 01 00 00 00 00 00 
   185.211  7ED  8  02 51 01 00 00 00 00 00 


   186.217  7E5  8  02 10 03 00 00 00 00 00 
   186.226  7ED  8  06 50 03 00 19 01 F4 00 


   186.532  7E5  8  02 27 03 00 00 00 00 00 
   186.541  7ED  8  05 67 03 1D 8E 93 00 00 
   187.045  7E5  8  05 27 04 D4 4A DE 00 00 
   187.065  7ED  8  02 67 04 00 00 00 00 00 


   188.070  7E5  8  03 22 D1 00 00 00 00 00 
   188.079  7ED  8  04 62 D1 00 03 00 00 00 


   188.384  7E5  8  02 10 03 00 00 00 00 00 
   188.394  7ED  8  06 50 03 00 19 01 F4 00 


   188.698  7E5  8  02 27 03 00 00 00 00 00 
   188.704  7ED  8  05 67 03 63 90 F3 00 00 
   189.208  7E5  8  05 27 04 6C 1F 14 00 00 
   189.233  7ED  8  02 67 04 00 00 00 00 00 


   194.237  7E5  8  03 22 D1 00 00 00 00 00 
   194.243  7ED  8  04 62 D1 00 03 00 00 00 


   194.546  7E5  8  02 10 03 00 00 00 00 00 
   194.553  7ED  8  06 50 03 00 19 01 F4 00 


   194.857  7E5  8  02 27 03 00 00 00 00 00 
   194.862  7ED  8  05 67 03 9B 8C 17 00 00 
   195.367  7E5  8  05 27 04 BD 9A 81 00 00 
   195.392  7ED  8  02 67 04 00 00 00 00 00 


   205.396  7E5  8  03 22 D1 00 00 00 00 00 
   205.402  7ED  8  04 62 D1 00 03 00 00 00 


   206.706  7E5  8  02 11 01 00 00 00 00 00 
   206.716  7ED  8  02 51 01 00 00 00 00 00 


   208.393  7E5  8  02 10 03 00 00 00 00 00 
   208.403  7ED  8  06 50 03 00 19 01 F4 00 


   213.703  7E5  8  03 22 D1 00 00 00 00 00 
   213.712  7ED  8  04 62 D1 00 01 00 00 00 


   214.014  7E5  8  02 11 01 00 00 00 00 00 
   214.022  7ED  8  02 51 01 00 00 00 00 00 


   215.036  7E5  8  02 10 03 00 00 00 00 00 
   215.044  7ED  8  06 50 03 00 19 01 F4 00 


   215.347  7E5  8  02 27 0F 00 00 00 00 00 
   215.353  7ED  8  05 67 0F FD 1B E6 00 00 
   215.857  7E5  8  05 27 10 12 55 17 00 00 
   215.878  7ED  8  02 67 10 00 00 00 00 00 


   218.884  7E5  8  03 22 D1 00 00 00 00 00 
   218.889  7ED  8  04 62 D1 00 03 00 00 00 


   219.193  7E5  8  02 11 01 00 00 00 00 00 
   219.200  7ED  8  02 51 01 00 00 00 00 00 


   220.204  7E5  8  02 10 03 00 00 00 00 00 
   220.215  7ED  8  06 50 03 00 19 01 F4 00 


   220.519  7E5  8  02 27 0F 00 00 00 00 00 
   220.524  7ED  8  05 67 0F 45 1C 59 00 00 
   221.028  7E5  8  05 27 10 37 24 72 00 00 
   221.049  7ED  8  02 67 10 00 00 00 00 00 


   222.054  7E5  8  03 22 D1 00 00 00 00 00 
   222.063  7ED  8  04 62 D1 00 03 00 00 00 


   222.368  7E5  8  02 10 03 00 00 00 00 00 
   222.373  7ED  8  06 50 03 00 19 01 F4 00 


   222.677  7E5  8  02 27 0F 00 00 00 00 00 
   222.682  7ED  8  05 67 0F 0C 0A 06 00 00 
   223.186  7E5  8  05 27 10 6C 17 44 00 00 
   223.207  7ED  8  02 67 10 00 00 00 00 00 


   228.211  7E5  8  03 22 D1 00 00 00 00 00 
   228.217  7ED  8  04 62 D1 00 03 00 00 00 


   228.521  7E5  8  02 10 03 00 00 00 00 00 
   228.527  7ED  8  06 50 03 00 19 01 F4 00 


   228.833  7E5  8  02 27 0F 00 00 00 00 00 
   228.842  7ED  8  05 67 0F 78 02 7A 00 00 
   229.345  7E5  8  05 27 10 47 53 9C 00 00 
   229.366  7ED  8  02 67 10 00 00 00 00 00 


   239.371  7E5  8  03 22 D1 00 00 00 00 00 
   239.376  7ED  8  04 62 D1 00 03 00 00 00 


   240.681  7E5  8  02 11 01 00 00 00 00 00 
   240.690  7ED  8  02 51 01 00 00 00 00 00 


   241.694  7E5  8  02 10 01 00 00 00 00 00 
   241.704  7ED  8  06 50 01 00 19 01 F4 00 


   242.008  7E5  8  02 10 03 00 00 00 00 00 
   242.013  7ED  8  06 50 03 00 19 01 F4 00 


   242.327  7E5  8  03 22 D1 00 00 00 00 00 
   242.332  7ED  8  04 62 D1 00 03 00 00 00 


   242.636  7E5  8  02 10 03 00 00 00 00 00 
   242.643  7ED  8  06 50 03 00 19 01 F4 00 


   242.947  7E5  8  02 10 01 00 00 00 00 00 
   242.952  7ED  8  06 50 01 00 19 01 F4 00 


   243.266  7E5  8  03 22 D1 00 00 00 00 00 
   243.271  7ED  8  04 62 D1 00 01 00 00 00 


   243.576  7E5  8  02 10 03 00 00 00 00 00 
   243.582  7ED  8  06 50 03 00 19 01 F4 00 


   243.886  7E5  8  02 27 03 00 00 00 00 00 
   243.891  7ED  8  05 67 03 55 C1 94 00 00 
   244.394  7E5  8  05 27 04 55 CF 9C 00 00 
   244.416  7ED  8  02 67 04 00 00 00 00 00 


   244.471  7E5  8  02 10 03 00 00 00 00 00 
   244.481  7ED  8  06 50 03 00 19 01 F4 00 


   244.785  7E5  8  02 27 03 00 00 00 00 00 
   244.790  7ED  8  05 67 03 50 7A 2A 00 00 
   245.293  7E5  8  05 27 04 C3 97 45 00 00 
   245.315  7ED  8  02 67 04 00 00 00 00 00 


   245.318  7E5  8  02 10 01 00 00 00 00 00 
   245.325  7ED  8  06 50 01 00 19 01 F4 00 


   245.639  7E5  8  03 22 D1 00 00 00 00 00 
   245.645  7ED  8  04 62 D1 00 01 00 00 00 


   245.949  7E5  8  02 27 03 00 00 00 00 00 
   245.960  7ED  8  03 7F 27 7F 00 00 00 00 
   246.465  7E5  8  05 27 04 64 BA 7D 00 00 
   246.474  7ED  8  03 7F 27 7F 00 00 00 00 


   246.477  7E5  8  02 10 03 00 00 00 00 00 
   246.484  7ED  8  06 50 03 00 19 01 F4 00 


   246.798  7E5  8  03 22 D1 00 00 00 00 00 
   246.804  7ED  8  04 62 D1 00 03 00 00 00 


   247.107  7E5  8  02 10 01 00 00 00 00 00 
   247.113  7ED  8  06 50 01 00 19 01 F4 00 


   247.416  7E5  8  02 10 02 00 00 00 00 00 
   247.423  7ED  8  06 50 02 00 24 01 F4 00 


   247.827  7E5  8  03 22 D1 00 00 00 00 00 
   247.827  7ED  8  04 62 D1 00 02 00 00 00 


   248.132  7E5  8  02 11 01 00 00 00 00 00 
   248.132  7ED  8  02 51 01 00 00 00 00 00 


   249.136  7E5  8  02 10 03 00 00 00 00 00 
   249.142  7ED  8  06 50 03 00 19 01 F4 00 


   249.445  7E5  8  02 10 02 00 00 00 00 00 
   249.453  7ED  8  06 50 02 00 24 01 F4 00 


   249.857  7E5  8  03 22 D1 00 00 00 00 00 
   249.857  7ED  8  04 62 D1 00 02 00 00 00 


   250.162  7E5  8  02 11 01 00 00 00 00 00 
   250.162  7ED  8  02 51 01 00 00 00 00 00 


   251.164  7E5  8  02 10 01 00 00 00 00 00 
   251.171  7ED  8  06 50 01 00 19 01 F4 00 


   251.475  7E5  8  02 10 02 00 00 00 00 00 
   251.482  7ED  8  06 50 02 00 24 01 F4 00 


   251.886  7E5  8  03 22 D1 00 00 00 00 00 
   251.886  7ED  8  04 62 D1 00 02 00 00 00 


   252.190  7E5  8  02 11 01 00 00 00 00 00 
   252.190  7ED  8  02 51 01 00 00 00 00 00 


   253.194  7E5  8  02 27 0F 00 00 00 00 00 
   253.204  7ED  8  03 7F 27 7F 00 00 00 00 
   253.707  7E5  8  05 27 10 29 65 A0 00 00 
   253.714  7ED  8  03 7F 27 7F 00 00 00 00 


   253.717  7E5  8  02 10 01 00 00 00 00 00 
   253.724  7ED  8  06 50 01 00 19 01 F4 00 


   254.127  7E5  8  02 10 01 00 00 00 00 00 
   254.134  7ED  8  06 50 01 00 19 01 F4 00 


   254.437  7E5  8  02 27 0F 00 00 00 00 00 
   254.448  7ED  8  03 7F 27 7F 00 00 00 00 
   254.951  7E5  8  05 27 10 29 65 A0 00 00 
   254.957  7ED  8  03 7F 27 7F 00 00 00 00 


   254.962  7E5  8  02 10 03 00 00 00 00 00 
   254.968  7ED  8  06 50 03 00 19 01 F4 00 


   255.372  7E5  8  03 22 D1 00 00 00 00 00 
   255.376  7ED  8  04 62 D1 00 03 00 00 00 


   255.681  7E5  8  02 27 0F 00 00 00 00 00 
   255.687  7ED  8  05 67 0F 0E A6 A8 00 00 
   256.191  7E5  8  05 27 10 F0 D3 64 00 00 
   256.211  7ED  8  02 67 10 00 00 00 00 00 


   256.215  7E5  8  02 10 02 00 00 00 00 00 
   256.221  7ED  8  06 50 02 00 24 01 F4 00 


   256.625  7E5  8  03 22 D1 00 00 00 00 00 
   256.626  7ED  8  04 62 D1 00 02 00 00 00 


   256.930  7E5  8  02 11 01 00 00 00 00 00 
   256.930  7ED  8  02 51 01 00 00 00 00 00 


   257.934  7E5  8  02 10 03 00 00 00 00 00 
   257.939  7ED  8  06 50 03 00 19 01 F4 00 


   258.243  7E5  8  02 27 0F 00 00 00 00 00 
   258.249  7ED  8  05 67 0F 8F 6A E5 00 00 
   258.753  7E5  8  05 27 10 DB B4 9B 00 00 
   258.774  7ED  8  02 67 10 00 00 00 00 00 


   258.829  7E5  8  03 22 D1 00 00 00 00 00 
   258.838  7ED  8  04 62 D1 00 03 00 00 00 


   289.523  7E5  8  02 10 02 00 00 00 00 00 
   289.533  7ED  8  06 50 02 00 24 01 F4 00 


   300.515  7E5  8  02 10 02 00 00 00 00 00 
   300.515  7ED  8  06 50 02 00 19 01 F4 00 


   334.655  7E5  8  02 10 02 00 00 00 00 00 
   334.661  7ED  8  06 50 02 00 24 01 F4 00 


   348.196  7E5  8  02 10 02 00 00 00 00 00 
   348.196  7ED  8  06 50 02 00 19 01 F4 00 

