
     3.067  7E5  8  02 11 01 00 00 00 00 00 
     3.077  7ED  8  02 51 01 00 00 00 00 00 


     4.082  7E5  8  02 10 01 00 00 00 00 00 
     4.088  7ED  8  06 50 01 00 19 01 F4 00 


     4.393  7E5  8  03 22 FD 00 00 00 00 00 
     4.398  7ED  8  06 62 FD 00 08 34 11 00 


     5.403  7E5  8  03 22 F1 09 00 00 00 00 
     5.412  7ED  8  06 62 F1 09 08 03 03 00 


     7.421  7E5  8  02 10 01 00 00 00 00 00 
     7.430  7ED  8  06 50 01 00 19 01 F4 00 


     7.736  7E5  8  02 10 03 00 00 00 00 00 
     7.745  7ED  8  06 50 03 00 19 01 F4 00 


     8.049  7E5  8  03 22 D1 00 00 00 00 00 
     8.059  7ED  8  04 62 D1 00 03 00 00 00 


     9.066  7E5  8  02 27 03 00 00 00 00 00 
     9.074  7ED  8  05 67 03 9A AD 37 00 00 
     9.579  7E5  8  05 27 04 CE AA D1 00 00 
     9.603  7ED  8  02 67 04 00 00 00 00 00 


     9.607  7E5  8  03 22 D1 00 00 00 00 00 
     9.613  7ED  8  04 62 D1 00 03 00 00 00 


    10.619  7E5  8  02 10 01 00 00 00 00 00 
    10.627  7ED  8  06 50 01 00 19 01 F4 00 


    10.931  7E5  8  02 10 03 00 00 00 00 00 
    10.936  7ED  8  06 50 03 00 19 01 F4 00 


    11.239  7E5  8  03 22 D1 00 00 00 00 00 
    11.247  7ED  8  04 62 D1 00 03 00 00 00 


    12.251  7E5  8  02 27 0F 00 00 00 00 00 
    12.260  7ED  8  05 67 0F 90 4A DA 00 00 
    12.767  7E5  8  05 27 10 3C 23 54 00 00 
    12.790  7ED  8  02 67 10 00 00 00 00 00 


    12.795  7E5  8  03 22 D1 00 00 00 00 00 
    12.805  7ED  8  04 62 D1 00 03 00 00 00 


    14.812  7E5  8  02 10 01 00 00 00 00 00 
    14.823  7ED  8  06 50 01 00 19 01 F4 00 


    15.126  7E5  8  03 22 D1 00 00 00 00 00 
    15.132  7ED  8  04 62 D1 00 01 00 00 00 


    16.138  7E5  8  02 10 02 00 00 00 00 00 
    16.146  7ED  8  06 50 02 00 24 01 F4 00 


    16.449  7E5  8  03 22 D1 00 00 00 00 00 
    16.450  7ED  8  04 62 D1 00 02 00 00 00 


    17.455  7E5  8  02 11 01 00 00 00 00 00 
    17.455  7ED  8  02 51 01 00 00 00 00 00 


    18.460  7E5  8  02 10 03 00 00 00 00 00 
    18.468  7ED  8  06 50 03 00 19 01 F4 00 


    18.772  7E5  8  03 22 D1 00 00 00 00 00 
    18.778  7ED  8  04 62 D1 00 03 00 00 00 


    19.783  7E5  8  02 10 01 00 00 00 00 00 
    19.792  7ED  8  06 50 01 00 19 01 F4 00 


    20.097  7E5  8  02 10 03 00 00 00 00 00 
    20.102  7ED  8  06 50 03 00 19 01 F4 00 


    20.406  7E5  8  03 22 D1 00 00 00 00 00 
    20.417  7ED  8  04 62 D1 00 03 00 00 00 


    21.421  7E5  8  02 27 03 00 00 00 00 00 
    21.430  7ED  8  05 67 03 22 7F 5D 00 00 
    21.935  7E5  8  05 27 04 B0 FB 9D 00 00 
    21.960  7ED  8  02 67 04 00 00 00 00 00 


    21.965  7E5  8  03 22 D1 00 00 00 00 00 
    21.975  7ED  8  04 62 D1 00 03 00 00 00 


    22.981  7E5  8  02 10 01 00 00 00 00 00 
    22.989  7ED  8  06 50 01 00 19 01 F4 00 


    23.293  7E5  8  02 10 03 00 00 00 00 00 
    23.299  7ED  8  06 50 03 00 19 01 F4 00 


    23.603  7E5  8  03 22 D1 00 00 00 00 00 
    23.614  7ED  8  04 62 D1 00 03 00 00 00 


    24.619  7E5  8  02 27 0F 00 00 00 00 00 
    24.627  7ED  8  05 67 0F A5 47 E2 00 00 
    25.132  7E5  8  05 27 10 43 3F AA 00 00 
    25.157  7ED  8  02 67 10 00 00 00 00 00 


    25.161  7E5  8  03 22 D1 00 00 00 00 00 
    25.167  7ED  8  04 62 D1 00 03 00 00 00 


    27.174  7E5  8  02 10 01 00 00 00 00 00 
    27.179  7ED  8  06 50 01 00 19 01 F4 00 


    27.483  7E5  8  10 09 22 D1 00 D1 00 D1 
    27.484  7ED  8  30 00 00 00 00 00 00 00 
    27.485  7E5  8  21 00 D1 00 00 00 00 00 
    27.495  7ED  8  03 7F 22 13 00 00 00 00 


    28.499  7E5  8  02 10 02 00 00 00 00 00 
    28.509  7ED  8  06 50 02 00 24 01 F4 00 


    28.812  7E5  8  10 09 22 D1 00 D1 00 D1 
    28.812  7ED  8  30 00 00 00 00 00 00 00 
    28.813  7E5  8  21 00 D1 00 00 00 00 00 
    28.813  7ED  8  03 7F 22 13 00 00 00 00 


    29.817  7E5  8  02 11 01 00 00 00 00 00 
    29.818  7ED  8  02 51 01 00 00 00 00 00 


    30.823  7E5  8  02 10 03 00 00 00 00 00 
    30.829  7ED  8  06 50 03 00 19 01 F4 00 


    31.133  7E5  8  10 09 22 D1 00 D1 00 D1 
    31.134  7ED  8  30 00 00 00 00 00 00 00 
    31.134  7E5  8  21 00 D1 00 00 00 00 00 
    31.143  7ED  8  03 7F 22 13 00 00 00 00 


    32.147  7E5  8  02 10 01 00 00 00 00 00 
    32.153  7ED  8  06 50 01 00 19 01 F4 00 


    32.457  7E5  8  02 10 03 00 00 00 00 00 
    32.467  7ED  8  06 50 03 00 19 01 F4 00 


    32.772  7E5  8  10 09 22 D1 00 D1 00 D1 
    32.772  7ED  8  30 00 00 00 00 00 00 00 
    32.773  7E5  8  21 00 D1 00 00 00 00 00 
    32.782  7ED  8  03 7F 22 13 00 00 00 00 


    33.787  7E5  8  02 27 03 00 00 00 00 00 
    33.795  7ED  8  05 67 03 CA BD 77 00 00 
    34.300  7E5  8  05 27 04 C9 95 2F 00 00 
    34.320  7ED  8  02 67 04 00 00 00 00 00 


    34.325  7E5  8  10 09 22 D1 00 D1 00 D1 
    34.326  7ED  8  30 00 00 00 00 00 00 00 
    34.326  7E5  8  21 00 D1 00 00 00 00 00 
    34.335  7ED  8  03 7F 22 13 00 00 00 00 


    35.340  7E5  8  02 10 01 00 00 00 00 00 
    35.349  7ED  8  06 50 01 00 19 01 F4 00 


    35.654  7E5  8  02 10 03 00 00 00 00 00 
    35.664  7ED  8  06 50 03 00 19 01 F4 00 


    35.968  7E5  8  10 09 22 D1 00 D1 00 D1 
    35.969  7ED  8  30 00 00 00 00 00 00 00 
    35.969  7E5  8  21 00 D1 00 00 00 00 00 
    35.979  7ED  8  03 7F 22 13 00 00 00 00 


    36.983  7E5  8  02 27 0F 00 00 00 00 00 
    36.992  7ED  8  05 67 0F 1B 85 9E 00 00 
    37.496  7E5  8  05 27 10 CA 21 3B 00 00 
    37.517  7ED  8  02 67 10 00 00 00 00 00 


    37.522  7E5  8  10 09 22 D1 00 D1 00 D1 
    37.527  7ED  8  30 00 00 00 00 00 00 00 
    37.528  7E5  8  21 00 D1 00 00 00 00 00 
    37.537  7ED  8  03 7F 22 13 00 00 00 00 


    39.544  7E5  8  04 22 42 08 13 00 00 00 
    39.550  7ED  8  03 7F 22 13 00 00 00 00 

