
     3.131  7E5  8  02 11 01 00 00 00 00 00 
     3.138  7ED  8  02 51 01 00 00 00 00 00 


     4.148  7E5  8  02 10 01 00 00 00 00 00 
     4.155  7ED  8  06 50 01 00 19 01 F4 00 


     4.465  7E5  8  03 22 FD 00 00 00 00 00 
     4.475  7ED  8  06 62 FD 00 08 34 11 00 


     4.783  7E5  8  03 22 F1 09 00 00 00 00 
     4.789  7ED  8  06 62 F1 09 08 03 03 00 


     6.104  7E5  8  02 10 01 00 00 00 00 00 
     6.113  7ED  8  06 50 01 00 19 01 F4 00 


     6.425  7E5  8  03 22 D1 00 00 00 00 00 
     6.433  7ED  8  04 62 D1 00 01 00 00 00 


     6.741  7E5  8  02 11 01 00 00 00 00 00 
     6.747  7ED  8  02 51 01 00 00 00 00 00 


     7.757  7E5  8  03 22 D1 00 00 00 00 00 
     7.763  7ED  8  04 62 D1 00 01 00 00 00 


     8.073  7E5  8  02 10 02 00 00 00 00 00 
     8.083  7ED  8  06 50 02 00 24 01 F4 00 


     8.393  7E5  8  03 22 D1 00 00 00 00 00 
     8.393  7ED  8  04 62 D1 00 02 00 00 00 


     8.704  7E5  8  02 11 01 00 00 00 00 00 
     8.704  7ED  8  02 51 01 00 00 00 00 00 


     9.716  7E5  8  03 22 D1 00 00 00 00 00 
     9.721  7ED  8  04 62 D1 00 01 00 00 00 


    10.030  7E5  8  02 10 03 00 00 00 00 00 
    10.041  7ED  8  06 50 03 00 19 01 F4 00 


    10.351  7E5  8  03 22 D1 00 00 00 00 00 
    10.360  7ED  8  04 62 D1 00 03 00 00 00 


    10.670  7E5  8  02 11 01 00 00 00 00 00 
    10.680  7ED  8  02 51 01 00 00 00 00 00 


    11.691  7E5  8  03 22 D1 00 00 00 00 00 
    11.699  7ED  8  04 62 D1 00 01 00 00 00 


    13.014  7E5  8  02 10 01 00 00 00 00 00 
    13.023  7ED  8  06 50 01 00 19 01 F4 00 


    13.333  7E5  8  03 22 D1 00 00 00 00 00 
    13.338  7ED  8  04 62 D1 00 01 00 00 00 


    13.647  7E5  8  02 11 81 00 00 00 00 00 


    14.654  7E5  8  03 22 D1 00 00 00 00 00 
    14.661  7ED  8  04 62 D1 00 01 00 00 00 


    14.971  7E5  8  02 10 02 00 00 00 00 00 
    14.976  7ED  8  06 50 02 00 24 01 F4 00 


    15.286  7E5  8  03 22 D1 00 00 00 00 00 
    15.287  7ED  8  04 62 D1 00 02 00 00 00 


    15.598  7E5  8  02 11 81 00 00 00 00 00 


    16.607  7E5  8  03 22 D1 00 00 00 00 00 
    16.615  7ED  8  04 62 D1 00 01 00 00 00 


    16.923  7E5  8  02 10 03 00 00 00 00 00 
    16.930  7ED  8  06 50 03 00 19 01 F4 00 


    17.244  7E5  8  03 22 D1 00 00 00 00 00 
    17.250  7ED  8  04 62 D1 00 03 00 00 00 


    17.558  7E5  8  02 11 81 00 00 00 00 00 


    18.567  7E5  8  03 22 D1 00 00 00 00 00 
    18.572  7ED  8  04 62 D1 00 01 00 00 00 


    19.887  7E5  8  02 11 05 00 00 00 00 00 
    19.895  7ED  8  03 7F 11 12 00 00 00 00 


    20.903  7E5  8  01 11 00 00 00 00 00 00 
    20.910  7ED  8  03 7F 11 13 00 00 00 00 


    22.923  7E5  8  02 10 03 00 00 00 00 00 
    22.932  7ED  8  06 50 03 00 19 01 F4 00 


    23.242  7E5  8  02 27 03 00 00 00 00 00 
    23.248  7ED  8  05 67 03 79 CB B2 00 00 
    23.759  7E5  8  05 27 04 08 84 A9 00 00 
    23.782  7ED  8  02 67 04 00 00 00 00 00 


    23.793  7E5  8  02 11 01 00 00 00 00 00 
    23.802  7ED  8  02 51 01 00 00 00 00 00 


    24.813  7E5  8  03 22 D1 00 00 00 00 00 
    24.819  7ED  8  04 62 D1 00 01 00 00 00 


    25.127  7E5  8  02 10 03 00 00 00 00 00 
    25.133  7ED  8  06 50 03 00 19 01 F4 00 


    25.444  7E5  8  02 27 0F 00 00 00 00 00 
    25.453  7ED  8  05 67 0F 7F 59 26 00 00 
    25.965  7E5  8  05 27 10 51 19 8C 00 00 
    25.987  7ED  8  02 67 10 00 00 00 00 00 


    25.998  7E5  8  02 11 01 00 00 00 00 00 
    26.007  7ED  8  02 51 01 00 00 00 00 00 


    27.020  7E5  8  03 22 D1 00 00 00 00 00 
    27.027  7ED  8  04 62 D1 00 01 00 00 00 


    28.341  7E5  8  02 10 03 00 00 00 00 00 
    28.346  7ED  8  06 50 03 00 19 01 F4 00 


    28.655  7E5  8  02 27 03 00 00 00 00 00 
    28.662  7ED  8  05 67 03 18 C2 DA 00 00 
    29.171  7E5  8  05 27 04 65 C9 75 00 00 
    29.196  7ED  8  02 67 04 00 00 00 00 00 


    29.207  7E5  8  02 11 81 00 00 00 00 00 


    30.215  7E5  8  03 22 D1 00 00 00 00 00 
    30.221  7ED  8  04 62 D1 00 01 00 00 00 


    30.528  7E5  8  02 10 03 00 00 00 00 00 
    30.535  7ED  8  06 50 03 00 19 01 F4 00 


    30.845  7E5  8  02 27 0F 00 00 00 00 00 
    30.849  7ED  8  05 67 0F ED 49 A4 00 00 
    31.361  7E5  8  05 27 10 B3 3C 72 00 00 
    31.385  7ED  8  02 67 10 00 00 00 00 00 


    31.395  7E5  8  02 11 81 00 00 00 00 00 


    32.403  7E5  8  03 22 D1 00 00 00 00 00 
    32.412  7ED  8  04 62 D1 00 01 00 00 00 


    33.725  7E5  8  02 10 01 00 00 00 00 00 
    33.731  7ED  8  06 50 01 00 19 01 F4 00 


    34.041  7E5  8  03 22 D1 00 00 00 00 00 
    34.051  7ED  8  04 62 D1 00 01 00 00 00 


    34.357  7E5  8  03 22 DD 01 00 00 00 00 
    34.366  7ED  8  06 62 DD 01 FF FF FF 00 

[]

    35.173  7E5  8  02 11 40 00 00 00 00 00 
    35.179  7ED  8  02 51 40 00 00 00 00 00 


    36.184  7E5  8  03 22 DD 01 00 00 00 00 
    36.191  7ED  8  06 62 DD 01 11 22 44 00 


    37.498  7E5  8  02 10 01 00 00 00 00 00 
    37.505  7ED  8  06 50 01 00 19 01 F4 00 


    37.810  7E5  8  03 22 D1 00 00 00 00 00 
    37.819  7ED  8  04 62 D1 00 01 00 00 00 


    38.125  7E5  8  03 22 DD 01 00 00 00 00 
    38.133  7ED  8  06 62 DD 01 11 22 44 00 

[]

    39.119  7E5  8  02 11 C0 00 00 00 00 00 


    40.125  7E5  8  03 22 DD 01 00 00 00 00 
    40.130  7ED  8  06 62 DD 01 11 22 33 00 

