
     3.108  7E5  8  02 11 01 00 00 00 00 00 
     3.115  7ED  8  02 51 01 00 00 00 00 00 


     4.126  7E5  8  02 10 01 00 00 00 00 00 
     4.137  7ED  8  06 50 01 00 19 01 F4 00 


     4.455  7E5  8  03 22 FD 00 00 00 00 00 
     4.461  7ED  8  06 62 FD 00 08 34 11 00 


     4.773  7E5  8  03 22 F1 09 00 00 00 00 
     4.781  7ED  8  06 62 F1 09 08 03 03 00 


     6.095  7E5  8  02 11 01 00 00 00 00 00 
     6.104  7ED  8  02 51 01 00 00 00 00 00 


     7.116  7E5  8  02 10 01 00 00 00 00 00 
     7.125  7ED  8  06 50 01 00 19 01 F4 00 


     7.435  7E5  8  02 10 03 00 00 00 00 00 
     7.440  7ED  8  06 50 03 00 19 01 F4 00 


     7.760  7E5  8  04 31 01 04 04 00 00 00 
     7.769  7ED  8  05 71 01 04 04 7B 00 00 


     8.777  7E5  8  04 31 02 04 04 00 00 00 
     8.784  7ED  8  05 71 02 04 04 7A 00 00 


     9.791  7E5  8  04 31 03 04 04 00 00 00 
     9.798  7ED  8  06 71 03 04 04 7A 04 00 


    11.808  7E5  8  02 11 01 00 00 00 00 00 
    11.816  7ED  8  02 51 01 00 00 00 00 00 


    12.823  7E5  8  02 10 01 00 00 00 00 00 
    12.831  7ED  8  06 50 01 00 19 01 F4 00 


    13.136  7E5  8  04 31 01 04 04 00 00 00 
    13.146  7ED  8  03 7F 31 31 00 00 00 00 


    14.151  7E5  8  04 31 02 04 04 00 00 00 
    14.159  7ED  8  03 7F 31 31 00 00 00 00 


    15.164  7E5  8  04 31 03 04 04 00 00 00 
    15.174  7ED  8  03 7F 31 31 00 00 00 00 


    17.184  7E5  8  02 11 01 00 00 00 00 00 
    17.192  7ED  8  02 51 01 00 00 00 00 00 


    18.198  7E5  8  02 10 02 00 00 00 00 00 
    18.207  7ED  8  06 50 02 00 24 01 F4 00 


    18.512  7E5  8  04 31 01 04 04 00 00 00 
    18.512  7ED  8  03 7F 31 31 00 00 00 00 


    19.517  7E5  8  04 31 02 04 04 00 00 00 
    19.517  7ED  8  03 7F 31 31 00 00 00 00 


    20.522  7E5  8  04 31 03 04 04 00 00 00 
    20.522  7ED  8  03 7F 31 31 00 00 00 00 


    22.533  7E5  8  02 10 01 00 00 00 00 00 
    22.533  7ED  8  06 50 01 00 19 01 F4 00 


    22.840  7E5  8  02 10 03 00 00 00 00 00 
    22.848  7ED  8  06 50 03 00 19 01 F4 00 

[]

    23.653  7E5  8  04 31 01 0E 08 00 00 00 
    23.661  7ED  8  03 7F 31 33 00 00 00 00 


    25.670  7E5  8  02 10 01 00 00 00 00 00 
    25.675  7ED  8  06 50 01 00 19 01 F4 00 


    25.979  7E5  8  02 10 03 00 00 00 00 00 
    25.990  7ED  8  06 50 03 00 19 01 F4 00 


    26.297  7E5  8  02 27 03 00 00 00 00 00 
    26.304  7ED  8  05 67 03 21 D5 F4 00 00 
    26.811  7E5  8  05 27 04 AF B7 9A 00 00 
    26.834  7ED  8  02 67 04 00 00 00 00 00 

[]

    27.340  7E5  8  04 31 01 0E 08 00 00 00 
    27.349  7ED  8  03 7F 31 33 00 00 00 00 


    28.353  7E5  8  04 31 02 0E 08 00 00 00 
    28.362  7ED  8  03 7F 31 33 00 00 00 00 


    29.368  7E5  8  04 31 03 0E 08 00 00 00 
    29.376  7ED  8  03 7F 31 33 00 00 00 00 


    31.386  7E5  8  02 10 01 00 00 00 00 00 
    31.394  7ED  8  06 50 01 00 19 01 F4 00 


    31.699  7E5  8  02 10 03 00 00 00 00 00 
    31.709  7ED  8  06 50 03 00 19 01 F4 00 


    32.016  7E5  8  02 27 0F 00 00 00 00 00 
    32.024  7ED  8  05 67 0F E7 1D FA 00 00 
    32.529  7E5  8  05 27 10 D6 74 EE 00 00 
    32.553  7ED  8  02 67 10 00 00 00 00 00 

[]

    33.059  7E5  8  04 31 01 0E 08 00 00 00 
    33.068  7ED  8  05 71 01 0E 08 49 00 00 


    34.073  7E5  8  04 31 02 0E 08 00 00 00 
    34.082  7ED  8  03 7F 31 12 00 00 00 00 


    35.086  7E5  8  04 31 03 0E 08 00 00 00 
    35.096  7ED  8  03 7F 31 12 00 00 00 00 


    37.103  7E5  8  04 31 04 04 04 00 00 00 
    37.108  7ED  8  03 7F 31 12 00 00 00 00 


    38.113  7E5  8  04 31 02 04 04 00 00 00 
    38.123  7ED  8  03 7F 31 24 00 00 00 00 


    39.128  7E5  8  04 31 01 22 22 00 00 00 
    39.137  7ED  8  03 7F 31 31 00 00 00 00 


    40.142  7E5  8  07 31 01 0E 01 00 55 55 
    40.151  7ED  8  03 7F 31 31 00 00 00 00 


    41.155  7E5  8  03 31 01 04 00 00 00 00 
    41.164  7ED  8  03 7F 31 13 00 00 00 00 


    42.168  7E5  8  03 31 02 04 00 00 00 00 
    42.179  7ED  8  03 7F 31 13 00 00 00 00 


    43.183  7E5  8  03 31 03 04 00 00 00 00 
    43.193  7ED  8  03 7F 31 13 00 00 00 00 

