
     3.141  7E5  8  02 11 01 00 00 00 00 00 
     3.152  7ED  8  02 51 01 00 00 00 00 00 


     4.162  7E5  8  02 10 01 00 00 00 00 00 
     4.169  7ED  8  06 50 01 00 19 01 F4 00 


     4.477  7E5  8  03 22 FD 00 00 00 00 00 
     4.483  7ED  8  06 62 FD 00 08 34 11 00 


     5.491  7E5  8  03 22 F1 09 00 00 00 00 
     5.498  7ED  8  06 62 F1 09 08 03 03 00 


    11.136  7E5  8  02 10 01 00 00 00 00 00 
    11.142  7ED  8  06 50 01 00 19 01 F4 00 


    11.451  7E5  8  03 22 49 9E 00 00 00 00 
    11.456  7ED  8  10 09 62 49 9E 13 87 09 
    11.457  7E5  8  30 00 0A 00 00 00 00 00 
    11.462  7ED  8  21 00 00 00 00 00 00 00 


    13.139  7E5  8  03 22 49 9E 00 00 00 00 
    13.145  7ED  8  10 09 62 49 9E 13 87 09 
    13.146  7E5  8  30 00 0A 00 00 00 00 00 
    13.150  7ED  8  21 00 00 00 00 00 00 00 


    14.157  7E5  8  03 19 01 27 00 00 00 00 
    14.169  7ED  8  06 59 01 FF 00 00 04 00 


    15.176  7E5  8  03 19 02 27 00 00 00 00 
    15.188  7ED  8  10 13 59 02 FF 0E 73 00 
    15.189  7E5  8  30 00 0A 00 00 00 00 00 
    15.192  7ED  8  21 27 30 38 49 2F E3 00 
    15.198  7ED  8  22 55 2F F0 00 49 27 00 


    18.013  7E5  8  04 14 FF FF FF 00 00 00 
    18.030  7ED  8  01 54 00 00 00 00 00 00 


    24.036  7E5  8  03 19 02 27 00 00 00 00 
    24.049  7ED  8  10 13 59 02 FF 0E 73 00 
    24.050  7E5  8  30 00 0A 00 00 00 00 00 
    24.055  7ED  8  21 27 30 38 49 2F E3 00 
    24.059  7ED  8  22 55 2F F0 00 49 27 00 


    26.066  7E5  8  02 10 02 00 00 00 00 00 
    26.073  7ED  8  06 50 02 00 24 01 F4 00 


    26.377  7E5  8  04 14 FF FF FF 00 00 00 
    26.378  7ED  8  03 7F 14 11 00 00 00 00 


    29.388  7E5  8  02 10 01 00 00 00 00 00 
    29.389  7ED  8  06 50 01 00 19 01 F4 00 


    29.694  7E5  8  02 10 03 00 00 00 00 00 
    29.702  7ED  8  06 50 03 00 19 01 F4 00 


    30.007  7E5  8  03 19 02 27 00 00 00 00 
    30.022  7ED  8  10 13 59 02 FF 0E 73 00 
    30.022  7E5  8  30 00 0A 00 00 00 00 00 
    30.027  7ED  8  21 26 30 38 49 2E E3 00 
    30.032  7ED  8  22 55 2F F0 00 49 26 00 


    32.038  7E5  8  03 22 49 9E 00 00 00 00 
    32.045  7ED  8  10 09 62 49 9E 13 87 09 
    32.046  7E5  8  30 00 0A 00 00 00 00 00 
    32.050  7ED  8  21 00 00 00 00 00 00 00 


    34.103  7E5  8  03 22 49 9E 00 00 00 00 
    34.113  7ED  8  10 09 62 49 9E 13 87 09 
    34.114  7E5  8  30 00 0A 00 00 00 00 00 
    34.118  7ED  8  21 00 00 00 00 00 00 00 


    35.123  7E5  8  03 19 01 27 00 00 00 00 
    35.136  7ED  8  06 59 01 FF 00 00 04 00 


    36.142  7E5  8  03 19 02 27 00 00 00 00 
    36.156  7ED  8  10 13 59 02 FF 0E 73 00 
    36.156  7E5  8  30 00 0A 00 00 00 00 00 
    36.161  7ED  8  21 27 30 38 49 2F E3 00 
    36.166  7ED  8  22 55 2F F0 00 49 27 00 


    38.817  7E5  8  04 14 FF FF FF 00 00 00 
    38.833  7ED  8  01 54 00 00 00 00 00 00 


    39.839  7E5  8  03 19 02 27 00 00 00 00 
    39.852  7ED  8  10 13 59 02 FF 0E 73 00 
    39.852  7E5  8  30 00 0A 00 00 00 00 00 
    39.857  7ED  8  21 27 30 38 49 2F E3 00 
    39.863  7ED  8  22 55 2F F0 00 49 27 00 


    41.869  7E5  8  01 14 00 00 00 00 00 00 
    41.875  7ED  8  03 7F 14 13 00 00 00 00 


    42.879  7E5  8  04 14 00 01 00 00 00 00 
    42.885  7ED  8  03 7F 14 31 00 00 00 00 

